AO-07
1 07530U 74089B   19086.86947443 -.00000022  00000-0  14200-3 0  9997
2 07530 101.7346  55.4118 0012287 145.5149 268.7036 12.53637259 30145
UO-11
1 14781U 84021B   19087.05103402  .00000065  00000-0  14135-4 0  9995
2 14781  97.6196 115.6407 0007427 223.6059 136.4569 14.83071882886516
LO-19
1 20442U 90005G   19087.76175401  .00000002  00000-0  17014-4 0  9991
2 20442  98.6413  29.9331 0012461  35.5467 324.6544 14.32920614524647
HUBBLE
1 20580U 90037B   19087.29736251  .00000457  00000-0  16942-4 0  9996
2 20580  28.4703  36.7544 0002497 321.2198 173.8607 15.09194209388436
MET-2/21
1 22782U 93055A   19086.89668662  .00000063  00000-0  43255-4 0  9990
2 22782  82.5493 228.7611 0023145  53.0533  58.1317 13.83816570291419
AO-27
1 22825U 93061C   19087.77865360  .00000005  00000-0  20073-4 0  9996
2 22825  98.8984  74.5690 0007491 233.5151 126.5340 14.30054200330241
IO-26
1 22826U 93061D   19087.37968923  .00000010  00000-0  21842-4 0  9993
2 22826  98.8924  74.1630 0008138 222.9051 137.1496 14.30387366330383
FO-29
1 24278U 96046B   19086.95533821 -.00000022  00000-0  10869-4 0  9991
2 24278 098.5246 251.6401 0351383 094.6170 269.5187 13.53090105116360
NOAA-15
1 25338U 98030A   19087.52739599  .00000014  00000-0  24625-4 0  9993
2 25338  98.7543 108.9120 0011488 119.4844 240.7483 14.25899550 85541
GO-32
1 25397U 98043D   19087.39070308 -.00000008  00000-0  15750-4 0  9996
2 25397  98.6816  28.5646 0000205 319.8134  40.3029 14.23662392 76169
ISS
1 25544U 98067A   19093.54697351  .00016717  00000-0  10270-3 0  9021
2 25544  51.6420  12.2714 0001694 142.4883 217.6387 15.52505662  3652
NO-44
1 26931U 01043C   19087.21134538 -.00000013  00000-0  26640-4 0  9998
2 26931  67.0511 216.5165 0005562 276.1953  83.8514 14.30536318913174
SO-50
1 27607U 02058C   19087.87748992 -.00000027  00000-0  17121-4 0  9992
2 27607  64.5543 299.7308 0082380 272.1053  87.0617 14.75530126874967
CO-55
1 27844U 03031E   19087.61946330  .00000037  00000-0  36366-4 0  9997
2 27844  98.6868  97.0507 0008648 268.4561  91.5626 14.22166743816626
CO-57
1 27848U 03031J   19086.95490607  .00000027  00000-0  32123-4 0  9994
2 27848 098.6947 096.8771 0008559 283.1906 076.8316 14.21763337816359
RS-22
1 27939U 03042A   19087.84578277  .00000113  00000-0  28880-4 0  9997
2 27939  98.0257 225.3215 0012108 332.3420  27.7138 14.66763581828544
NOAA-18
1 28654U 05018A   19087.53314207  .00000049  00000-0  51243-4 0  9991
2 28654  99.1073 133.2283 0014930  52.0891 308.1627 14.12411892713922
CO-58
1 28895U 05043F   19087.06254261  .00000130  00000-0  33810-4 0  9998
2 28895  97.9450 232.6891 0015541 250.6561 109.2961 14.63641948715399
Falconsat-3
1 30776U 07006E   19086.49208867  .00002638  00000-0  75382-4 0  9992
2 30776  35.4346 261.5253 0001858  64.2807 295.8111 15.35796704667882
CO-65
1 32785U 08021C   19087.19087136  .00000177  00000-0  24748-4 0  9990
2 32785  97.5496  90.8012 0013299 169.8610 190.2878 14.88268393591419
AAUSAT2
1 32788U 08021F   19087.57450143  .00000235  00000-0  26684-4 0  9993
2 32788  97.5028 106.9188 0013356 113.1079 247.1551 14.94638014592656
DO-64
1 32789U 08021G   19086.81063241  .00001346  00000-0  94429-4 0  9995
2 32789  97.4749 138.9432 0013438  54.8798 305.3688 15.06746763594489
CO-66
1 32791U 08021J   19087.61614657  .00000252  00000-0  30961-4 0  9996
2 32791  97.5304  97.0853 0014283 145.7500 214.4643 14.90760651591888
RS-30
1 32953U 08025A   19087.79231582  .00000020  00000-0  75656-4 0  9994
2 32953  82.5070 195.6831 0017906 309.5556  50.3941 12.43088246492134
PRISM
1 33493U 09002B   19087.42597804  .00000316  00000-0  33294-4 0  9992
2 33493  98.1222   5.2654 0016319  94.8523 265.4561 14.96551966552846
NOAA-19
1 33591U 09005A   19087.58201094  .00000032  00000-0  42571-4 0  9997
2 33591  99.1759  76.7378 0013033 247.3863 112.5929 14.12341147522314
TISAT-1
1 36799U 10035E   19087.00661519  .00000327  00000-0  39171-4 0  9993
2 36799  98.1428 236.4778 0012132   3.9259 356.2051 14.91035430472445
JUGNU
1 37839U 11058B   19087.38531483  .00000310  00000-0  23173-4 0  9999
2 37839  19.9608 113.8882 0019001 138.9031 342.5137 14.12645443385603
SRMSAT
1 37841U 11058D   19087.52016900  .00000296  00000-0  17805-4 0  9998
2 37841  19.9711 168.1473 0012023  14.9477  64.0504 14.10627448385072
AO-71
1 37854U 11061E   19087.19529689  .00001027  00000-0  60609-4 0  9995
2 37854 101.7132 303.0122 0161344 310.8667  47.8656 15.06217427404576
HRBE
1 37855U 11061F   19087.37908588  .00000908  00000-0  53707-4 0  9993
2 37855 101.7265 300.6808 0174156 320.7860  38.0839 15.05219805404394
ALMASAT-1
1 38078U 12006B   19087.53547095  .00032568  41773-5  21569-3 0  9995
2 38078  69.4295 140.5310 0181361  29.7356  77.9897 15.56738403384676
HORYU-2
1 38340U 12025D   19087.73489755  .00000140  00000-0  28539-4 0  9997
2 38340  98.3392 123.8241 0012051  31.6017 328.5913 14.75683771369077
RS-40
1 38735U 12041C   19087.17842591  .00000066  00000-0  40424-3 0  9995
2 38735  82.4725 279.5360 0017995  55.3318 304.9521 12.42578829302304
BEESAT-3
1 39135U 13015F   19087.75338319  .00000601  00000-0  39847-4 0  9997
2 39135  64.8672 303.0288 0010293 304.5670  55.4484 15.17279978327817
BEESAT-2
1 39136U 13015G   19086.90291893  .00000509  00000-0  35789-4 0  9997
2 39136  64.8693 309.3403 0011670 299.1049  60.8908 15.16722614327616
ZACUBE-1
1 39417U 13066B   19087.21515765  .00000160  00000-0  26615-4 0  9998
2 39417  97.5681 105.3302 0057659 305.2887  54.2941 14.81074061288837
TRITON-1
1 39427U 13066M   19087.85670836  .00000233  00000-0  44862-4 0  9995
2 39427  97.6690  70.3279 0115320  67.7916 293.5477 14.67797823286333
GOMX-1
1 39430U 13066Q   19087.81853106  .00000128  00000-0  31886-4 0  9993
2 39430  97.7377  49.8114 0151705 151.8762 209.0744 14.59211141284668
LO-74
1 39440U 13066AA  19087.78112177  .00000221  00000-0  37783-4 0  9992
2 39440  97.6020  91.0585 0080088 352.2188   7.7773 14.75812910287890
AO-73
1 39444U 13066AE  19087.66614402  .00000220  00000-0  33573-4 0  9993
2 39444  97.5667 107.6187 0056655 297.8509  61.6971 14.81884334287789
SPROUT
1 39770U 14029E   19087.75440857  .00000554  00000-0  67655-4 0  9994
2 39770  97.8796 191.6233 0009046   4.6426 355.4870 14.87227862262650
DUCHIFAT-1
1 40021U 14033M   19087.17722021  .00000319  00000-0  38506-4 0  9994
2 40021  97.9225  11.5109 0012199 328.6000  31.4488 14.90556535259255
NANOSATCBR1
1 40024U 14033Q   19086.82495704  .00000256  00000-0  32623-4 0  9997
2 40024  97.9131   8.7850 0011603 333.3511  26.7109 14.89780587259109
EO-79
1 40025U 14033R   19087.30791534  .00000265  00000-0  34229-4 0  9996
2 40025  97.9064   7.1261 0011919 337.2412  22.8275 14.88890259259060
DTUSAT-2
1 40030U 14033W   19086.81100135  .00000211  00000-0  28741-4 0  9991
2 40030  97.8989   4.9246 0011305 334.5130  25.5528 14.88487603258925
EO-80
1 40032U 14033Y   19087.21666388  .00000214  00000-0  29084-4 0  9999
2 40032  97.8997   5.3302 0011210 333.8554  26.2095 14.88428456258974
ANTELSAT
1 40034U 14033AA  19087.36699368  .00000174  00000-0  33357-4 0  9994
2 40034  97.7733 317.9819 0058943   3.5311 356.6302 14.74062671256544
VELOX-1
1 40057U 14034E   19087.87549467  .00000241  00000-0  41244-4 0  9999
2 40057  98.2227 209.2596 0012322 131.9586 228.2675 14.77610089255685
DAURIA DX 1
1 40071U 14037C   19087.81837617  .00000072  00000-0  16736-4 0  9999
2 40071  98.4125 237.5819 0009671 122.4059 237.8092 14.81245554255130
UKUBE-1
1 40074U 14037F   19087.77625198  .00000282  00000-0  41030-4 0  9994
2 40074  98.4240 245.1333 0005667 111.8166 248.3649 14.83993191255504
HODOYOSHI-1
1 40299U 14070B   19087.80347866  .00000476  00000-0  23022-4 0  9993
2 40299  97.3523 169.2501 0012422 338.9810 136.3985 15.23257821243800
CHUBUSAT-1
1 40300U 14070C   19087.87867895  .00000505  00000-0  25064-4 0  9993
2 40300  97.3345 164.1120 0019805 348.2141 123.1036 15.21964358243572
QSAT-EOS
1 40301U 14070D   19087.79747390  .00001213  00000-0  50153-4 0  9996
2 40301  97.3312 166.6226 0025183 332.2540 144.4214 15.25640444243804
FIREBIRD FU3
1 40377U 15003B   19086.86208525  .00003454  00000-0  13965-3 0  9993
2 40377  99.1050  50.2106 0128332   6.9743 353.3233 15.18411145229353
FIREBIRD FU4
1 40378U 15003C   19087.83801826  .00004153  00000-0  16681-3 0  9990
2 40378  99.1052  51.4564 0128453   3.6133 356.5993 15.18423719229503
GRIFEX
1 40379U 15003D   19087.85058195  .00002569  00000-0  11281-3 0  9996
2 40379  99.1036  46.0428 0136570  20.5346 340.1297 15.15202800229192
NO-84
1 40654U 15025D   19087.30033745  .00008578  00000-0  12399-3 0 05724
2 40654 054.9887 188.2029 0145128 114.2839 247.3372 15.45667469099707
NO-83
1 40655U 15025E   19087.36718215  .00031592  00000-0  20406-3 0 06847
2 40655 054.9678 089.8199 0070618 169.6112 190.6409 15.72378670100740
DEORBITSAIL
1 40719U 15032E   19086.92183324  .00000309  00000-0  51458-4 0  9997
2 40719 097.9180 340.3875 0015448 209.2616 150.7730 14.76668301200046
NUDT-PHONESAT
1 40900U 15049B   19087.82958510  .00001648  00000-0  74151-4 0  9996
2 40900  97.4407  97.9804 0014872 109.3640  15.3936 15.22421818195206
XW-2A
1 40903U 15049E   19087.87131082  .00001458  00000-0  36692-4 0  9998
2 40903  97.3486 130.1386 0015703  82.3128  33.8084 15.41511079197644
XW-2C
1 40906U 15049H   19087.73413549  .00000694  00000-0  39997-4 0  9999
2 40906  97.4682  91.1802 0016275 118.8672 327.0300 15.15557604194583
XW-2D
1 40907U 15049J   19087.72182271  .00000621  00000-0  35976-4 0  9997
2 40907  97.4654  90.8465 0015953 116.6026 330.2052 15.15735768194595
LILACSAT-2
1 40908U 15049K   19087.69676628  .00000040  00000-0  58391-5 0  9990
2 40908  97.4781  89.7964 0017356 122.3739 349.1926 15.13728351194409
XW-2E
1 40909U 15049L   19087.82725873  .00000771  00000-0  41618-4 0  9997
2 40909  97.4605  93.5640 0015336 113.3943  10.1778 15.17591559194774
XW-2F
1 40910U 15049M   19087.69407014  .00000661  00000-0  36660-4 0  9997
2 40910  97.4635  92.6494 0016702 111.9803 337.5314 15.17105452194587
XW-2B
1 40911U 15049N   19087.75078677  .00000481  00000-0  28697-4 0  9995
2 40911  97.4682  91.5033 0015912 118.1832 328.5745 15.15667697194490
DCBB
1 40912U 15049P   19087.71724509  .00000848  00000-0  43172-4 0  9996
2 40912  97.4517  96.1393 0016984  97.9641 351.0193 15.19393647194864
TW-1C
1 40926U 15051B   19087.85771135  .00008926  00000-0  14007-3 0  9995
2 40926  97.1467 134.1918 0007216 326.2864 156.2606 15.53877461197449
TW-1A
1 40928U 15051D   19087.84926104  .00002537  00000-0  64992-4 0  9995
2 40928  97.1556 120.9513 0011900  20.8038  97.5332 15.40239535196575
IO-86
1 40931U 15052B   19086.87861213  .00000700  00000-0  84640-5 0  9994
2 40931   6.0004 287.0461 0012621  63.0457 297.0959 14.76601267189003
LQSat
1 40958U 15057A   19087.84858782 -.00000010  00000-0  61608-5 0  9997
2 40958  97.9059 159.2243 0019198 140.1858 220.0756 14.73070710186757
AO-85
1 40967U 15058D   19087.40038656 -.00000011  00000-0  17353-4 0 06401
2 40967 064.7762 048.2704 0208498 228.2930 130.0197 14.75901417095590
ATHENOXAT-1
1 41168U 15077C   19087.26302541  .00001956  00000-0  68897-4 0  9991
2 41168  14.9881 100.0757 0011686  27.6877 332.4065 15.13432540181474
ChubuSat-2
1 41338U 16012B   19087.78263588  .00000346  00000-0  20283-4 0  9993
2 41338  31.0032 305.2996 0013709  11.3788 348.7155 15.00112956170609
ChubuSat-3
1 41339U 16012C   19087.02992392  .00000268  00000-0  14109-4 0  9996
2 41339  31.0111 308.2889 0013551  11.1759 348.9168 15.00290203170487
Horyu-4
1 41340U 16012D   19086.99156034  .00000519  00000-0  32805-4 0  9990
2 41340  31.0049 300.7228 0013923  27.6723 332.4651 15.01200303170577
OUFTI-1
1 41458U 16025C   19087.78009078  .00000760  00000-0  43517-4 0  9997
2 41458  98.1004 170.4750 0166161 272.4348  85.7867 15.05503126160254
e-st@r-II
1 41459U 16025D   19087.71115460  .00000880  00000-0  49851-4 0  9994
2 41459  98.1006 170.1094 0167394 273.8224  84.3921 15.05169343160213
AAUSAT4
1 41460U 16025E   19087.58689941  .00000724  00000-0  41227-4 0  9997
2 41460  98.0985 171.0297 0157390 267.7090  90.6109 15.06925614160303
LO-87
1 41557U 16033B   19087.87502170  .00001283  00000-0  51182-4 0  9995
2 41557  97.4186 175.8648 0012870 221.7833 138.2424 15.26978699157607
NuSat2
1 41558U 16033C   19087.81490807  .00001402  00000-0  52609-4 0  9991
2 41558  97.4209 176.5879 0011861 223.5218 136.5087 15.28877267157623
Lapan A3
1 41603U 16040E   19087.80454131  .00000149  00000-0  10119-4 0  9996
2 41603  97.3706 148.4920 0012693 333.3010 138.2062 15.19682445153309
Swayam
1 41607U 16040J   19087.21875781  .00001330  00000-0  59417-4 0  9990
2 41607  97.3749 150.7753 0012434 327.4765  32.5705 15.23034083153320
Pratham
1 41783U 16059A   19087.38964269  .00000030  00000-0  15176-4 0  9993
2 41783  98.0774 148.7483 0032215 283.2283  76.5326 14.62979706133519
AlSat 1N
1 41789U 16059G   19087.72173008  .00000076  00000-0  23467-4 0  9992
2 41789  98.0789 150.8901 0026656 272.2564  87.5572 14.64225121133659
ScatSat
1 41790U 16059H   19087.72177515 -.00000004  00000-0  10140-4 0  9997
2 41790  98.2203 134.7318 0017090 300.4774  59.4733 14.50893660132443
TY-1
1 41844U 16066D   19087.83941179  .00001244  00000-0  54000-4 0  9991
2 41844  97.4074  96.1799 0016928 112.8781  10.4189 15.24075021132229
Pegasus-1
1 41846U 16066F   19086.63487447  .00000256  00000-0  48296-4 0  9995
2 41846 098.7222 125.4697 0368781 125.1927 238.4384 14.37514480124623
CAS-2T
1 41847U 16066G   19087.71203897  .00000064  00000-0  19352-4 0  9999
2 41847  98.7169 127.0879 0367032 118.7468 245.1112 14.37966633125211
EO-88
1 42017U 17008BX  19087.69914318  .00001507  00000-0  62769-4 0  9993
2 42017  97.4113 155.6166 0008001  97.7513 262.4634 15.25263163117428
PHOENIX
1 42706U 98067LP  19087.83255390  .00147450  19314-4  43199-3 0  9991
2 42706  51.6243 327.4675 0004376 205.1076 154.9719 15.92463083106832
ZA-AeroSat
1 42713U 98067LU  19087.08716802  .00090468  00000-0  31367-3 0  9994
2 42713  51.6312 337.6287 0004252 183.5483 176.5493 15.88688300106298
NJUST-1
1 42722U 98067MB  19087.90106610  .00054274  00000-0  24064-3 0  9996
2 42722  51.6371 339.2464 0004053 195.4580 252.7249 15.83829113105410
LO-90
1 42725U 98067ME  19087.71781172  .15670676  12603-4  45746-3 0  9992
2 42725  51.6064 319.7683 0009359 299.6698  60.5570 16.44549673105565
nSIGHT1
1 42726U 98067MF  19087.14094203  .00019867  00000-0  18039-3 0  9994
2 42726  51.6385   9.9569 0004554 203.0914 156.9878 15.67987048104853
SNUSAT 1B
1 42727U 98067MG  19087.89327833  .01853377  11916-4  73140-3 0  9994
2 42727  51.6160 320.0908 0010338 251.2428 108.7469 16.22875562105537
Aoxiang-1
1 42735U 98067MQ  19087.85638257  .00066239  00000-0  26736-3 0  9993
2 42735  51.6300 337.3004 0004413 205.9868 244.0174 15.85711739106565
BeEagleSat
1 42736U 98067MR  19087.77920820  .00196288  26513-4  45326-3 0  9990
2 42736  51.6271 327.8178 0006021 221.6095 138.4456 15.96776816105379
CAS-4B
1 42759U 17034B   19087.82153693  .00000125  00000-0  21230-4 0  9994
2 42759  43.0187 320.4119 0009659  92.8839   5.7789 15.09518456 98467
CAS-4A
1 42761U 17034D   19087.71502131  .00000274  00000-0  30258-4 0  9995
2 42761  43.0195 320.5809 0009968  93.3791 323.6080 15.09596450 98446
UCLSat
1 42765U 17036A   19087.65297628  .00001269  00000-0  57643-4 0  9998
2 42765  97.3612 147.3826 0012401 151.1577 209.0348 15.22526014 97987
NIUSat
1 42766U 17036B   19087.40168764  .00000920  00000-0  44553-4 0  9999
2 42766  97.3611 145.7614 0016823 144.3047 215.9317 15.20929908 97723
LituanicaSAT 2
1 42768U 17036D   19087.36803124  .00001939  00000-0  86603-4 0  9995
2 42768  97.3644 146.6706 0016415 144.8442 215.3881 15.22435557 97784
Aalto 1
1 42775U 17036L   19086.91519863  .00000757  00000-0  36932-4 0  9994
2 42775 097.3600 145.5944 0015050 145.3935 214.8283 15.21188366097628
URSA MAIOR
1 42776U 17036M   19087.86947374  .00000855  00000-0  41158-4 0  9997
2 42776  97.3607 146.6491 0014978 142.1958 218.0333 15.21311618 97779
Max Valier Sat
1 42778U 17036P   19087.40920312  .00000893  00000-0  42267-4 0  9996
2 42778  97.3644 146.8521 0013517 147.1630 213.0449 15.21838841 97728
Pegasus
1 42784U 17036V   19087.72976043  .00001162  00000-0  53398-4 0  9997
2 42784  97.3615 147.3051 0012980 151.7195 208.4749 15.22286649 97799
NUDATSat
1 42787U 17036Y   19087.77678352  .00001605  00000-0  70857-4 0  9998
2 42787  97.3664 147.9007 0010557 147.5718 212.6165 15.23149015 97677
SUCHAI 1
1 42788U 17036Z   19087.16674377  .00001308  00000-0  59062-4 0  9990
2 42788  97.3620 146.9987 0012539 152.7191 207.4707 15.22661947 97790
SKCUBE
1 42789U 17036AA  19086.91464337  .00001207  00000-0  54868-4 0  9993
2 42789 097.3617 146.7102 0012370 153.5227 206.6644 15.22577564097675
VZLUSAT 1
1 42790U 17036AB  19086.90970116  .00001597  00000-0  70469-4 0  9998
2 42790 097.3630 147.0527 0012002 152.8383 207.3484 15.23152203097696
VENTA 1
1 42791U 17036AC  19086.88979934  .00001201  00000-0  54582-4 0  9993
2 42791 097.3616 146.7365 0011995 153.9115 206.2729 15.22602244097663
Robusta 1B
1 42792U 17036AD  19087.77436748  .00001280  00000-0  57759-4 0  9990
2 42792  97.3616 147.6792 0012014 151.1669 209.0234 15.22743258 97826
D-SAT
1 42794U 17036AF  19087.66826221  .00000320  00000-0  32967-4 0  9997
2 42794  97.5508 135.9309 0127956  55.4895 305.8328 14.91045982 96117
BIRD-J
1 42820U 98067MU  19087.88439069  .00161771  21275-4  42356-3 0  9995
2 42820  51.6277 332.3420 0004994 197.1783 162.9056 15.94543249 98782
BIRD-G
1 42821U 98067MV  19087.06635440  .00106179  00000-0  35012-3 0  9998
2 42821  51.6244 340.3814 0004272 178.8231 181.2786 15.89627070 98587
BIRD-M
1 42822U 98067MW  19087.85630820  .00139999  18484-4  41670-3 0  9995
2 42822  51.6295 334.4670 0004847 194.4207 165.6662 15.92179648 98736
BIRD-B
1 42823U 98067MX  19087.10094572  .00135894  18171-4  38427-3 0  9991
2 42823  51.6275 337.6424 0005684 191.9195 168.1679 15.93163655 98621
BIRD-N
1 42824U 98067MY  19087.09260049  .00121232  16608-4  37395-3 0  9991
2 42824  51.6302 339.1881 0005670 193.3289 166.7568 15.91556735 98592
TechnoSat
1 42829U 17042E   19087.66724739  .00000174  00000-0  23076-4 0  9992
2 42829  97.5734 343.9150 0013696 339.1528  20.9130 14.90939399 92713
TOMSK-TPU 120
1 42910U 98067MZ  19087.69409608  .00032866  00000-0  20509-3 0  9997
2 42910  51.6377 354.3892 0004703 186.9956 260.0289 15.76561421 92061
TANYUSHA 1
1 42911U 98067NA  19087.69280565  .00052209  00000-0  25460-3 0  9991
2 42911  51.6298 348.3091 0005098 181.9848 268.2882 15.81805994 92129
TANYUSHA 2
1 42912U 98067NB  19087.71599619  .00042509  00000-0  23336-3 0  9990
2 42912  51.6368 351.5911 0003925 184.6477 272.5950 15.79315457 92109
TNS 0-2
1 42914U 98067ND  19087.16857644  .00039995  00000-0  24638-3 0  9997
2 42914  51.6373 357.9030 0004538 182.8521 177.2454 15.76756747 91961
QIKCOM-1
1 42983U 98067NF  19087.37445658  .00003743  00000-0  55135-4 0  9993
2 42983  51.6411  33.3181 0004188 167.1575 192.9525 15.58217270 80502
AO-91
1 43017U 17073E   19087.77673870  .00000819  00000-0  68669-4 0  9990
2 43017  97.7222  12.3444 0259988  65.2832 297.5202 14.78432515 73154
EcAMSat
1 43019U 98067NG  19087.84351614  .00007284  00000-0  93897-4 0  9995
2 43019  51.6414  27.4841 0005091 149.4651 210.6639 15.60185182162947
PICSAT
1 43132U 18004X   19086.94385654  .00001273  00000-0  56585-4 0  9990
2 43132 097.4965 154.9001 0009964 175.5192 184.6136 15.23332906066907
AO-92
1 43137U 18004AC  19087.19359381  .00000989  00000-0  44745-4 0  9999
2 43137  97.4957 155.1540 0009456 175.9822 184.1493 15.23275359 66936
TianYi 2
1 43155U 18008A   19087.83076443  .00000356  00000-0  25081-4 0  9999
2 43155  97.4926 162.0730 0016197 243.7818 210.3734 15.10991499 65462
Zhou Enlai
1 43156U 18008B   19087.85046131  .00000363  00000-0  25848-4 0  9992
2 43156  97.4971 162.0004 0013277 239.2976 213.1519 15.10488988 65442
TianYi 6
1 43158U 18008D   19087.68142034  .00000979  00000-0  63861-4 0  9994
2 43158  97.4940 161.4100 0012627 240.4335 245.0955 15.10111899 65386
S-Net G
1 43186U 18014G   19087.72363547 -.00000380  00000-0 -28261-4 0  9994
2 43186  97.7143 357.3491 0009712 282.9378  77.0759 14.96601957 62871
S-Net H
1 43187U 18014H   19087.72346695 -.00000381  00000-0 -28328-4 0  9995
2 43187  97.7141 357.3393 0009708 282.8962  77.1175 14.96601879 62870
S-Net J
1 43188U 18014J   19087.72324555 -.00000385  00000-0 -28691-4 0  9994
2 43188  97.7144 357.3531 0009694 282.9943  77.0196 14.96602256 62874
S-Net K
1 43189U 18014K   19087.72356539 -.00000384  00000-0 -28563-4 0  9999
2 43189  97.7141 357.3372 0009708 282.9041  77.1096 14.96601438 61421
FMN 1
1 43192U 18015A   19086.93669577  .00001727  00000-0  74290-4 0  9993
2 43192 097.3857 215.8185 0015107 221.6707 138.3376 15.23904159063716
Shaonian Xing
1 43199U 18015H   19087.76543469  .00001267  00000-0  54263-4 0  9990
2 43199  97.3634 215.9280 0015991 230.2491 129.7340 15.24511274 63886
1KUNS-PF
1 43466U 98067NP  19087.20618492  .00017259  00000-0  19157-3 0  9990
2 43466  51.6392  32.1895 0001713 108.9620 251.1560 15.63035260 50003
UBAKUSAT
1 43467U 98067NQ  19087.25859307  .00011052  00000-0  13596-3 0  9994
2 43467  51.6389  34.0344 0003447 108.2672 251.8697 15.60803239 49996
Irazu
1 43468U 98067NR  19087.25215882  .00022939  00000-0  23585-3 0  9994
2 43468  51.6386  30.2391 0001825 107.0898 253.0297 15.64780316150020
EnduroSat One
1 43551U 98067NZ  19087.20607312  .00013779  00000-0  17035-3 0  9990
2 43551  51.6395  36.6777 0005602 183.5354 176.5600 15.60419198 40189
EQUISat
1 43552U 98067PA  19086.30004026  .00011877  00000-0  15226-3 0  9991
2 43552 051.6401 041.8850 0005987 181.3489 178.7489 15.59617359039992
UiTMSat 1
1 43589U 98067PD  19087.26400243  .00012902  00000-0  16548-3 0  9996
2 43589  51.6377  37.7971 0005066 191.5668 168.5210 15.59514734 35877
Maya 1
1 43590U 98067PE  19087.13203930  .00014682  00000-0  18724-3 0  9993
2 43590  51.6376  38.4181 0005313 192.2948 167.7916 15.59536366 35782
Bhutan 1
1 43591U 98067PF  19086.29256596  .00013485  00000-0  17232-3 0  9999
2 43591  51.6393  42.5709 0005310 189.5417 170.5476 15.59566235 35658
SiriusSat 1
1 43595U 98067PG  19087.13756284  .00013740  00000-0  17974-3 0  9993
2 43595  51.6379  39.2030 0003994 142.7235 217.4035 15.58928736 34952
SiriusSat 2
1 43596U 98067PH  19087.15936120  .00012988  00000-0  17129-3 0  9990
2 43596  51.6390  39.3719 0004536 145.7028 214.4258 15.58767349 34952
Tanusha-3
1 43597U 98067PJ  19086.90313295  .00015641  00000-0  19772-3 0  9990
2 43597 051.6375 039.8669 0003794 153.4396 206.6792 15.59717120034920
SurfSat
1 43614U 18070B   19087.18998484  .00002213  00000-0  61011-4 0  9991
2 43614  93.0332 329.6205 0013537 263.7988  96.1723 15.37134701 29730
CP-7 DAVE
1 43615U 18070C   19087.19217988  .00002085  00000-0  57574-4 0  9992
2 43615  93.0337 329.6226 0013612 263.3402  96.6302 15.37082865 29731
ELFIN-B
1 43616U 18070D   19087.16334410  .00003428  00000-0  93177-4 0  9991
2 43616  93.0293 329.5393 0014403 267.4233  92.5371 15.37516112 29731
ELFIN-A
1 43617U 18070E   19087.35430743  .00003289  00000-0  89376-4 0  9990
2 43617  93.0348 329.7691 0013475 262.7772  97.1950 15.37546707 29760
STARS-Me Mother
1 43640U 98067PQ  19086.93029344  .00008755  00000-0  12527-3 0  9990
2 43640 051.6395 042.3319 0006072 138.7245 221.4207 15.57058050026827
CubeBel 1
1 43666U 18083E   19087.79224006  .00001009  00000-0  53753-4 0  9997
2 43666  97.5276 112.8051 0016998 110.2348 359.7924 15.17387091 22862
Changshagaoxin
1 43669U 18083H   19086.92070370  .00000907  00000-0  49766-4 0  9992
2 43669 097.5141 111.4949 0012700 106.1391 254.1241 15.16642227022680
Ten-Koh
1 43677U 18084G   19087.76851803 -.00000270  00000-0 -22041-4 0  9995
2 43677  97.8399 202.0833 0015986 186.9828 173.1161 14.90137585 22415
Diwata-2
1 43678U 18084H   19087.82809046  .00000442  00000-0  49734-4 0  9992
2 43678  97.8406 202.4806 0009039 206.5752 153.4991 14.91538870 22444
IRVINE 01
1 43693U 18088D   19087.78266818  .00002383  00000-0  10517-3 0  9994
2 43693  85.0393  12.1905 0020310 128.7556 231.5505 15.21001606 20918
QO-100
1 43700U 18090A   19087.69477840  .00000125  00000-0  00000 0 0  9999
2 43700   0.0130 153.2900 0001762 255.5198  52.9255  1.00271058  1475
Reaktor Hello World
1 43743U 18096AA  19087.83217522  .00000914  00000-0  37922-4 0  9991
2 43743  97.4668 157.8966 0016582 264.5507 205.4718 15.26389026 18240
MinXSS-2
1 43758U 18099A   19087.85027652 -.00000081  00000-0 -20555-5 0  9997
2 43758  97.7515 160.8467 0014533 237.5680 122.4136 14.95336122 17207
AO-95
1 43770U 18099N   19087.83150494  .00000219  00000-0  25450-4 0  9999
2 43770  97.7520 160.7221 0013282 244.0248 115.9605 14.94705498 17198
RANGE-B
1 43772U 18099Q   19087.15645828  .00000662  00000-0  66075-4 0  9996
2 43772  97.7572 160.1394 0013088 232.1573 127.8464 14.94792138 17085
RANGE-A
1 43773U 18099R   19087.15727350  .00000378  00000-0  40056-4 0  9993
2 43773  97.7469 159.9959 0012399 232.3263 127.6834 14.94757773 17081
MOVE-II
1 43780U 18099Y   19087.74659419  .00000876  00000-0  85375-4 0  9992
2 43780  97.7506 160.6534 0012367 241.3179 118.6799 14.94959450 17165
SNUSat 2
1 43782U 18099AA  19087.74205233  .00000613  00000-0  61288-4 0  9991
2 43782  97.7514 160.6796 0011747 229.7447 130.2747 14.94993840 17170
SnugLite
1 43784U 18099AC  19087.20091562  .00000414  00000-0  43044-4 0  9991
2 43784  97.7478 160.1047 0013948 241.1765 118.8056 14.95067674 17107
ITASat 1
1 43786U 18099AE  19087.73497310  .00000398  00000-0  41572-4 0  9997
2 43786  97.7531 160.7172 0014083 238.1714 121.8136 14.95082348 17181
EAGLET 1
1 43790U 18099AJ  19087.17023114 -.00000082  00000-0 -21597-5 0  9995
2 43790  97.7526 160.2121 0012119 246.0193 113.9760 14.95461977 16796
ESEO
1 43792U 18099AL  19087.77030125 -.00000225  00000-0 -15040-4 0  9997
2 43792  97.7506 160.7866 0011993 240.7315 119.2708 14.95480539 16946
CSIM
1 43793U 18099AM  19087.76510311  .00000396  00000-0  40910-4 0  9998
2 43793  97.7463 160.7104 0011879 237.0527 122.9552 14.95592856 16912
Astrocast 0.1
1 43798U 18099AS  19087.68727618  .00000507  00000-0  50723-4 0  9991
2 43798  97.7512 160.7450 0011421 221.5618 138.4736 14.95699191 17162
JO-97
1 43803U 18099AX  19087.19116473  .00000121  00000-0  16288-4 0  9995
2 43803  97.7489 160.1319 0014048 241.3334 118.6475 14.95200105 17098
Suomi 100
1 43804U 18099AY  19087.85998206  .00000166  00000-0  20359-4 0  9994
2 43804  97.7487 160.7924 0014146 239.0312 120.9519 14.95203024 17205
Al Farabi 2
1 43805U 18099AZ  19087.38953253  .00000132  00000-0  17308-4 0  9999
2 43805  97.7490 160.3327 0014183 240.8706 119.1095 14.95241358 17134
PWSat 2
1 43814U 18099BJ  19086.95063299  .00011955  00000-0  10410-2 0  9993
2 43814 097.7681 160.1170 0010372 194.0870 166.0069 14.97025693016469
CHOMPTT
1 43855U 18104G   19087.46395856  .00000485  00000-0  19270-4 0  9990
2 43855  85.0356 110.8026 0015052 258.5552 101.4001 15.22213399 15513
ISAT
1 43879U 18111D   19087.18540817 -.00000163  00000-0 -93372-5 0  9993
2 43879  97.7231 356.3662 0012082 304.7306  55.2777 14.95921737 11608
UWE-4
1 43880U 18111E   19087.70556947  .00000497  00000-0  49247-4 0  9993
2 43880  97.7241 356.9247 0011023 304.6357  55.3824 14.96168234 11683
Sparrow
1 43881U 18111F   19087.76976424  .00000631  00000-0  61037-4 0  9997
2 43881  97.7246 356.9985 0011091 302.9707  57.0448 14.96213663 11692
Lume 1
1 43908U 18111AJ  19087.87073111  .00001069  00000-0  46645-4 0  9994
2 43908  97.2956 355.3336 0020081 281.5036  78.3947 15.24146226 13980
FO-98
1 43933U 19003B   19087.87293816  .00000590  00000-0  29157-4 0  9996
2 43933  97.2914 148.0360 0018869  18.6167  68.4536 15.21497047 10619
FO-99
1 43937U 19003F   19087.85572273  .00000943  00000-0  42342-4 0  9998
2 43937  97.2866 148.1573 0024770   5.3800  83.1049 15.23346873 10627
Delphini 1
1 44030U 98067PW  19087.12755786  .00010786  00000-0  16573-3 0  9994
2 44030  51.6397  43.6476 0004280 186.2565 173.8373 15.54822586  8692
MYSat 1
1 44045U 18092F   19087.73978738  .00002383  00000-0  81399-4 0  9994
2 44045  51.6424  47.6353 0012627 144.2197 215.9656 15.34495507  6659
KickSat 2
1 44046U 18092G   19087.84796665  .01117662  84024-3  87520-3 0  9994
2 44046  51.6419  26.4651 0006498 158.7006 201.5434 16.14186897  6921
